data/fields/windField_example.asc
ncols        32
nrows        32
xllcorner    -72.800000000000
yllcorner    41.600000000000
cellsize     0.010000000000
NODATA_value  1.1754943508222875e-038
 67.756690979003906 65.840499877929688 63.838233947753906 61.756988525390625 59.604347229003906 57.388298034667969 55.117210388183594 52.799766540527344 50.444877624511719 48.061668395996094 45.659355163574219 43.247207641601563 40.834465026855469 38.430244445800781 36.043495178222656 33.682899475097656 31.3568115234375 29.073192596435547 26.83953857421875 24.662818908691406 22.5494384765625 20.505180358886719 18.535160064697266 16.643817901611328 14.834877014160156 13.111347198486328 11.475505828857422 10.973854064941406 10.986732482910156 10.999603271484375 11.012474060058594 11.025337219238281
 67.699188232421875 65.778854370117187 63.7725830078125 61.687522888183594 59.531257629394531 57.31182861328125 55.037620544433594 52.717330932617187 50.359916687011719 47.974502563476562 45.570335388183594 43.156692504882813 40.742820739746094 38.337852478027344 35.950736999511719 33.590156555175781 31.264461517333984 28.981605529785156 26.749073028564453 24.573822021484375 22.462234497070313 20.420074462890625 18.452434539794922 16.563728332519531 14.757652282714844 13.037185668945312 11.404575347900391 10.96881103515625 10.981704711914063 10.994590759277344 11.007472991943359 11.020351409912109
 67.613090515136719 65.689903259277344 63.681144714355469 61.593955993652344 59.435935974121094 57.215133666992187 54.939926147460938 52.619010925292969 50.2613525390625 47.876060485839844 45.472366333007813 43.059562683105469 40.646858215332031 38.243377685546875 35.858058929443359 33.499561309814453 31.176212310791016 28.895946502685547 26.666217803955078 24.493961334228516 22.385540008544922 20.3466796875 18.382453918457031 16.497245788574219 14.694728851318359 12.977848052978516 11.348834991455078 10.963756561279297 10.976661682128906 10.989566802978516 11.002464294433594 11.015357971191406
 67.560226440429687 65.633049011230469 63.62042236328125 61.529518127441406 59.36798095703125 57.14385986328125 54.865585327148438 52.541877746582031 50.18170166015625 47.794212341308594 45.388648986816406 42.974311828613281 40.560432434082031 38.156135559082031 35.770370483398437 33.411788940429688 31.088726043701172 28.809097290039063 26.580360412597656 24.409427642822266 22.302646636962891 20.265724182128906 18.3037109375 16.420967102050781 14.621139526367187 12.907142639160156 11.281177520751953 10.958686828613281 10.971611022949219 10.984531402587891 10.997444152832031 11.010353088378906
 67.478286743164062 65.546318054199219 63.529144287109375 61.433975219726563 59.268470764160156 57.040733337402344 54.761421203613281 52.437103271484375 50.076713562011719 47.689399719238281 45.284393310546875 42.870986938476563 40.458396911621094 38.055732727050781 35.671916961669922 33.315586090087891 30.995052337646484 28.718208312988281 26.492477416992188 24.324756622314453 22.221355438232422 20.187961578369141 18.229591369628906 16.350578308105469 14.554534912109375 12.844356536865234 11.222209930419922 10.953609466552734 10.966548919677734 10.979480743408203 10.992412567138672 11.005336761474609
 67.419898986816406 65.485893249511719 63.4669189453125 61.370201110839844 59.203414916992188 56.974647521972656 54.692344665527344 52.365257263183594 50.00238037109375 47.612861633300781 45.205970764160156 42.790992736816406 40.377174377441406 37.973625183105469 35.589275360107422 33.232769012451172 30.912403106689453 28.636077880859375 26.411201477050781 24.244659423828125 22.142745971679687 20.111129760742188 18.154804229736328 16.278083801269531 14.484550476074219 12.777076721191406 11.157802581787109 10.948516845703125 10.961471557617188 10.974422454833984 10.987369537353516 11.000308990478516
 67.342575073242187 65.403923034667969 63.380546569824219 61.279670715332031 59.109024047851562 56.876708984375 54.591201782226562 52.261283874511719 49.895957946777344 47.504402160644531 45.095901489257813 42.681503295898438 40.269088745117188 37.867317199707031 35.485069274902344 33.130985260009766 30.813335418701172 28.539985656738281 26.318328857421875 24.155208587646484 22.056900024414063 20.029037475585938 18.076583862304688 16.203819274902344 14.414306640625 12.71087646484375 11.095649719238281 10.943416595458984 10.956386566162109 10.969352722167969 10.982315063476563 10.995269775390625
 67.278205871582031 65.337379455566406 63.312080383300781 61.209579467773438 59.037574768066406 56.804191589355469 54.517906188964844 52.187484741210937 49.821952819824219 47.430465698242188 45.022300720214844 42.606758117675781 40.193061828613281 37.790328979492188 35.407466888427734 33.0531005859375 30.735511779785156 28.462554931640625 26.241611480712891 24.07952880859375 21.982551574707031 19.956298828125 18.005725860595703 16.135082244873047 14.347900390625 12.646995544433594 11.034454345703125 10.938301086425781 10.951286315917969 10.964267730712891 10.977245330810547 10.990219116210937
 67.205520629882813 65.26019287109375 63.230621337890625 61.124076843261719 58.94830322265625 56.711448669433594 54.422019958496094 52.088813781738281 49.720848083496094 47.32733154296875 44.91754150390625 42.500778198242188 40.086288452148438 37.683197021484375 35.300392150878906 32.946506500244141 30.631072998046875 28.361293792724609 26.143775939941406 23.985332489013672 21.892185211181641 19.869915008544922 17.923439025878906 16.056983947753906 14.274051666259766 12.577419281005859 10.969150543212891 10.933174133300781 10.946178436279297 10.959175109863281 10.97216796875 10.985157012939453
 67.135147094726562 65.187507629394531 63.155906677246094 61.047637939453125 58.870445251464844 56.632484436035156 54.342262268066406 52.008560180664062 49.640426635742187 47.247032165527344 44.837654113769531 42.421600341796875 40.008102416992188 37.606254577636719 35.224948883056641 32.872798919677734 30.558052062988281 28.288536071777344 26.071601867675781 23.914039611816406 21.822067260742188 19.801246643066406 17.856483459472656 15.991970062255859 14.211196899414063 12.516910552978516 10.915016174316406 10.92803955078125 10.941055297851562 10.954071044921875 10.967079162597656 10.980083465576172
 67.067108154296875 65.115127563476563 63.079376220703125 60.967178344726562 58.78631591796875 56.544960021972656 54.251640319824219 51.915191650390625 49.544647216796875 47.149215698242188 44.738197326660156 42.320892333984375 39.906547546386719 37.504264831542969 35.122940063476562 32.771175384521484 30.457210540771484 28.188869476318359 25.973480224609375 23.817821502685547 21.728080749511719 19.710601806640625 17.770168304443359 15.910076141357422 14.133777618408203 12.443996429443359 10.90985107421875 10.922889709472656 10.935924530029297 10.948951721191406 10.96197509765625 10.974994659423828
 66.990715026855469 65.036277770996094 62.998390197753906 60.884384155273437 58.702041625976563 56.459541320800781 54.165420532226563 51.8284912109375 49.457801818847656 47.06256103515625 44.65203857421875 42.235542297363281 39.822303771972656 37.421409606933594 35.041732788085937 32.691867828369141 30.380039215087891 28.114036560058594 25.901176452636719 23.748210906982422 21.661304473876953 19.645980834960937 17.707084655761719 15.848766326904297 14.074443817138672 12.386829376220703 10.904674530029297 10.917728424072266 10.930778503417969 10.943820953369141 10.956863403320313 10.969898223876953
 66.927352905273437 64.968719482421875 62.926811218261719 60.808982849121094 58.623054504394531 56.377227783203125 54.080070495605469 51.74041748046875 49.367340087890625 46.970062255859375 44.557876586914063 42.140090942382813 39.7259521484375 37.324554443359375 34.944774627685547 32.595195770263672 30.284034729003906 28.019084930419922 25.807632446289063 23.656421661376953 21.57159423828125 19.558650970458984 17.622409820556641 15.766994476318359 13.995792388916016 12.311481475830078 10.899486541748047 10.912555694580078 10.925621032714844 10.938682556152344 10.951736450195313 10.964790344238281
 66.844902038574219 64.883689880371094 62.83953857421875 60.719825744628906 58.532356262207031 56.285362243652344 53.987380981445313 51.64727783203125 49.274093627929688 46.877052307128906 44.4654541015625 42.048576354980469 39.635665893554687 37.235794067382812 34.857826232910156 32.510322570800781 30.20147705078125 27.939064025878906 25.7303466796875 23.582042694091797 21.500274658203125 19.490509033203125 17.557544708251953 15.705471038818359 13.937660217285156 12.256755828857422 10.894287109375 10.907371520996094 10.920452117919922 10.933528900146484 10.946601867675781 10.959667205810547
 66.786239624023438 64.820968627929687 62.772918701171875 60.649490356445313 58.458526611328125 56.208267211914063 53.907310485839844 51.564506530761719 49.188949584960937 46.789871215820313 44.376579284667969 41.958381652832031 39.544517517089844 37.144065856933594 34.765903472900391 32.418582916259766 30.110298156738281 27.848804473876953 25.641357421875 23.494663238525391 21.414817810058594 19.407268524169922 17.476787567138672 15.62744140625 13.862575531005859 12.184795379638672 10.889072418212891 10.902175903320313 10.915271759033203 10.928363800048828 10.941452026367188 10.954536437988281
 66.698158264160156 64.729736328125 62.679344177246094 60.553947448730469 58.361396789550781 56.109939575195313 53.808158874511719 51.464920043945313 49.089302062988281 46.690528869628906 44.277908325195312 41.860725402832031 39.448211669921875 37.049430847167969 34.673236846923828 32.328163146972656 30.022384643554687 27.763626098632813 25.559123992919922 23.415554046630859 21.338985443115234 19.334842681884766 17.407863616943359 15.562095642089844 13.800846099853516 12.126708984375 10.88385009765625 10.896965026855469 10.910079956054688 10.923187255859375 10.936290740966797 10.949390411376953
 66.643775939941406 64.671875 62.617698669433594 60.488693237304688 58.292724609375 56.038078308105469 53.733360290527344 51.387458801269531 49.009475708007812 46.608657836914063 44.194313049316406 41.775764465332031 39.36224365234375 36.962814331054687 34.586334228515625 32.241340637207031 29.936000823974609 27.678035736083984 25.474666595458984 23.332557678222656 21.257755279541016 19.255664825439453 17.331005096435547 15.487785339355469 13.729301452636719 12.05810546875 10.878612518310547 10.891746520996094 10.904876708984375 10.917999267578125 10.931118011474609 10.944232940673828
 66.56036376953125 64.58380126953125 62.525222778320313 60.392105102539062 58.192344665527344 55.934249877929687 53.62774658203125 51.28143310546875 48.903427124023438 46.50299072265625 44.089408874511719 41.671981811523438 39.259933471679688 36.862327575683594 34.487979888916016 32.145408630371094 29.842761993408203 27.587734222412109 25.387519836425781 23.248748779296875 21.177448272705078 19.178989410400391 17.258064270019531 15.418651580810547 13.664016723632813 11.996685028076172 10.873363494873047 10.886512756347656 10.899658203125 10.912799835205078 10.925933837890625 10.939067840576172
 66.499946594238281 64.521430969238281 62.461158752441406 60.32659912109375 58.125663757324219 55.866661071777344 53.5582275390625 51.209274291992187 48.82891845703125 46.426414489746094 44.011093139648438 41.592254638671875 39.17913818359375 36.780799865722656 34.406074523925781 32.063484191894531 29.761157989501953 27.506793975830078 25.307571411132812 23.170112609863281 21.100418090820313 19.103847503662109 17.185066223144531 15.348033905029297 13.595981597900391 11.931415557861328 10.86810302734375 10.881267547607422 10.894428253173828 10.907585144042969 10.920738220214844 10.933887481689453
 66.421226501464844 64.438194274902344 62.373641967773437 60.235076904296875 58.030433654785156 55.768058776855469 53.456596374511719 51.104995727539063 48.722389221191406 46.318046569824219 43.901313781738281 41.48236083984375 39.070854187011719 36.674484252929688 34.302055358886719 31.962062835693359 29.662624359130859 27.411399841308594 25.215541839599609 23.081638336181641 21.015674591064453 19.022960662841797 17.108142852783203 15.275146484375 13.527175903320313 11.866703033447266 10.862831115722656 10.876010894775391 10.889190673828125 10.902362823486328 10.915531158447266 10.928695678710937
 66.354751586914063 64.369644165039063 62.303291320800781 60.1632080078125 57.95733642578125 55.694023132324219 53.381919860839844 51.029960632324219 48.647285461425781 46.2431640625 43.826911926269531 41.407859802246094 38.995216369628906 36.598037719726563 34.225139617919922 31.885017395019531 29.585777282714844 27.335086822509766 25.140079498291016 23.007335662841797 20.942817687988281 18.951831817626953 17.038986206054688 15.20819091796875 13.462627410888672 11.804737091064453 10.8575439453125 10.870742797851563 10.883937835693359 10.897125244140625 10.910308837890625 10.923488616943359
 66.280738830566406 64.291252136230469 62.220748901367188 60.076759338378906 57.867271423339844 55.60064697265625 53.285568237304688 50.930992126464844 48.54608154296875 46.140113830566406 43.722427368164063 41.302352905273437 38.889114379882813 36.491767883300781 34.119121551513672 31.779666900634766 29.481979370117188 27.234626770019531 25.043197631835938 22.914237976074219 20.853668212890625 18.866767883300781 16.958118438720703 15.131591796875 13.390335083007812 11.736766815185547 10.852249145507813 10.865463256835937 10.878673553466797 10.891876220703125 10.905078887939453 10.91827392578125
 66.208198547363281 64.216506958007813 62.144096374511719 59.998519897460937 57.787750244140625 55.520156860351562 53.204429626464844 50.849525451660156 48.464584350585938 46.058891296386719 43.64178466796875 41.222579956054687 38.810478210449219 36.414527893066406 34.043529510498047 31.705947875976563 29.409870147705078 27.162918090820313 24.972198486328125 22.844242095947266 20.784965515136719 18.79962158203125 16.892772674560547 15.068271636962891 13.329242706298828 11.678073883056641 10.846939086914063 10.86016845703125 10.873394012451172 10.886615753173828 10.899833679199219 10.913043975830078
 66.138916015625 64.142982482910156 62.066543579101563 59.917160034179688 57.702857971191406 55.432022094726563 53.113365173339844 50.755867004394531 48.368698120117187 45.961158752441406 43.542587280273437 41.122314453125 38.709556579589844 36.313369750976563 33.942527770996094 31.605514526367188 29.310394287109375 27.064781188964844 24.875759124755859 22.749851226806641 20.692939758300781 18.710422515869141 16.807998657226563 14.987995147705078 13.253505706787109 11.606887817382812 10.841617584228516 10.854862213134766 10.868106842041016 10.881343841552734 10.894577026367188 10.907806396484375
 66.060279846191406 64.062019348144531 61.983573913574219 59.832534790039063 57.616897583007813 55.345069885253906 53.025772094726563 50.667961120605469 48.280815124511719 45.873626708984375 43.455718994140625 41.036422729492187 38.624931335449219 36.23028564453125 33.861255645751953 31.526294708251953 29.233448028564453 26.990306854248047 24.803939819335938 22.680839538574219 20.626865386962891 18.647228240966797 16.746433258056641 14.92828369140625 13.195838928222656 11.551441192626953 10.836284637451172 10.849544525146484 10.862804412841797 10.876056671142578 10.889308929443359 10.902553558349609
 65.995742797851562 63.993385314941406 61.911026000976562 59.756278991699219 57.537185668945312 55.262176513671875 52.939994812011719 50.579620361328125 48.190254211425781 45.781196594238281 43.361801147460938 40.941390991210937 38.529190063476563 36.13421630859375 33.7652587890625 31.430751800537109 29.138744354248047 26.896812438964844 24.712005615234375 22.590797424316406 20.539035797119141 18.5618896484375 16.663852691650391 14.848690032958984 13.119434356689453 11.478397369384766 10.830936431884766 10.844215393066406 10.857490539550781 10.870761871337891 10.884025573730469 10.897285461425781
 65.910987854003906 63.906181335449219 61.821723937988281 59.665245056152344 57.444786071777344 55.168769836425781 52.845939636230469 50.485282897949219 48.095985412597656 45.687355041503906 43.268722534179688 40.849403381347656 38.4385986328125 36.045318603515625 33.678333282470703 31.346054077148438 29.056514739990234 26.817256927490234 24.63531494140625 22.517135620117188 20.468532562255859 18.494663238525391 16.599979400634766 14.788230895996094 13.062423706054688 11.424842834472656 10.825580596923828 10.838874816894531 10.852165222167969 10.865451812744141 10.878730773925781 10.892009735107422
 65.851219177246094 63.842445373535156 61.754188537597656 59.594108581542969 57.370269775390625 55.09112548828125 52.765449523925781 50.402252197265625 48.0107421875 45.600227355957031 43.180076599121094 40.759597778320313 38.348007202148438 35.954330444335938 33.587318420410156 31.255390167236328 28.966564178466797 26.728385925292969 24.547863006591797 22.431423187255859 20.384868621826172 18.413326263427734 16.521228790283203 14.712291717529297 12.989494323730469 11.355091094970703 10.820209503173828 10.833518981933594 10.846824645996094 10.860130310058594 10.873428344726562 10.88671875
 65.761665344238281 63.748985290527344 61.658554077148438 59.496665954589844 57.271415710449219 54.991256713867187 52.664939880371094 50.301490783691406 47.910102844238281 45.500091552734375 43.080795288085938 40.661521911621094 38.25146484375 35.859634399414062 33.494762420654297 31.165248870849609 28.879081726074219 26.643779754638672 24.466335296630859 22.353141784667969 20.309974670410156 18.341934204101563 16.453422546386719 14.64813232421875 12.929012298583984 11.298286437988281 10.814823150634766 10.828151702880859 10.841476440429688 10.854793548583984 10.868106842041016 10.881420135498047
 65.705345153808594 63.690170288085938 61.596046447753906 59.430648803710938 57.202095031738281 54.918869018554687 52.589744567871094 50.223777770996094 47.830169677734375 45.418266296386719 42.997406005859375 40.576927185058594 38.166030883789063 35.773708343505859 33.408714294433594 31.079441070556641 28.793869018554687 26.55950927734375 24.383335113525391 22.271732330322266 20.230449676513672 18.264572143554688 16.378475189208984 14.575817108154297 12.859527587890625 11.231800079345703 10.809429168701172 10.822772979736328 10.836112976074219 10.849449157714844 10.862777709960938 10.876106262207031
 65.620529174804687 63.600830078125 61.502449035644531 59.333099365234375 57.100921630859375 54.814430236816406 52.482780456542969 50.116592407226563 47.723175048828125 45.311843872070313 42.891944885253906 40.472793579101563 38.063560485839844 35.673244476318359 33.310558319091797 30.983875274658203 28.701160430908203 26.469886779785156 24.297004699707031 22.188865661621094 20.151199340820313 18.189048767089844 16.306770324707031 14.507987976074219 12.795604705810547 11.171783447265625 10.804019927978516 10.817378997802734 10.830734252929688 10.844089508056641 10.857437133789063 10.870777130126953
 65.558113098144531 63.53656005859375 61.43658447265625 59.265914916992187 57.032684326171875 54.745399475097656 52.412887573242188 50.044189453125 47.648551940917969 45.235305786132812 42.813819885253906 40.393402099609375 37.983253479003906 35.592365264892578 33.229461669921875 30.902908325195313 28.620658874511719 26.390193939208984 24.218437194824219 22.111736297607422 20.075794219970703 18.115638732910156 16.235595703125 14.43927001953125 12.729534149169922 11.108531951904297 10.798599243164063 10.811973571777344 10.825347900390625 10.838714599609375 10.852081298828125 10.865440368652344
