test_data/fields/floodField_example.asc
ncols        32
nrows        32
xllcorner    -72.800000000000
yllcorner    41.600000000000
cellsize     0.010000000000
NODATA_value  -3.4028234663852886e+038
 2.2983438968658447 2.2411694526672363 2.1115307807922363 1.91386878490448 1.6934061050415039 1.5101996660232544 1.389590859413147 1.3069642782211304 1.2286628484725952 1.1639418601989746 1.166904091835022 1.2873386144638062 1.5073130130767822 1.7206205129623413 1.8064637184143066 1.7490801811218262 1.6575947999954224 1.6371281147003174 1.6667773723602295 1.6365818977355957 1.4787014722824097 1.2284883260726929 0.98547446727752686 0.85111451148986816 0.87374687194824219 1.0168956518173218 1.2039909362792969 1.4073619842529297 1.6541174650192261 1.9448721408843994 2.2132399082183838 2.3728733062744141
 2.1909651756286621 2.1465921401977539 2.0444920063018799 1.8888826370239258 1.7180876731872559 1.5776772499084473 1.4766983985900879 1.3826940059661865 1.2691224813461304 1.1624916791915894 1.1314846277236938 1.2294200658798218 1.4352903366088867 1.6428390741348267 1.7348684072494507 1.6941311359405518 1.6212056875228882 1.6175047159194946 1.6716154813766479 1.6848371028900146 1.5849189758300781 1.3885886669158936 1.1786150932312012 1.0482375621795654 1.0425937175750732 1.1290818452835083 1.2454420328140259 1.3803685903549194 1.5684596300125122 1.8102710247039795 2.0407164096832275 2.1788885593414307
 2.07073974609375 2.0412101745605469 1.9722589254379272 1.8699098825454712 1.7650437355041504 1.6833938360214233 1.6102356910705566 1.5013099908828735 1.3399336338043213 1.1773074865341187 1.1029706001281738 1.1741771697998047 1.3637925386428833 1.5654363632202148 1.6683446168899536 1.6519834995269775 1.5998553037643433 1.6047646999359131 1.6735023260116577 1.7347868680953979 1.7190877199172974 1.61578369140625 1.4742019176483154 1.3647719621658325 1.322090744972229 1.3199894428253174 1.3209124803543091 1.339942455291748 1.423559308052063 1.5743046998977661 1.7329081296920776 1.8303570747375488
 2.0100710391998291 1.9950233697891235 1.9544247388839722 1.8939887285232544 1.8402305841445923 1.8050186634063721 1.7550417184829712 1.6362079381942749 1.4396764039993286 1.2369861602783203 1.1341159343719482 1.1885757446289062 1.3653476238250732 1.5597660541534424 1.6707286834716797 1.6736971139907837 1.6291260719299316 1.6162470579147339 1.6643761396408081 1.7437855005264282 1.8016993999481201 1.8026416301727295 1.752063512802124 1.6841282844543457 1.6167222261428833 1.5318500995635986 1.4189684391021729 1.3172992467880249 1.2817733287811279 1.3188889026641846 1.3831231594085693 1.4260541200637817
 1.9713445901870728 1.9816219806671143 1.9799215793609619 1.9603644609451294 1.9441075325012207 1.9392434358596802 1.9069415330886841 1.789868950843811 1.5829901695251465 1.3667083978652954 1.2520167827606201 1.2919317483901978 1.4468481540679932 1.6206368207931519 1.726361870765686 1.7363330125808716 1.687125563621521 1.6420770883560181 1.6494307518005371 1.7202328443527222 1.8238236904144287 1.9074668884277344 1.9369219541549683 1.912380576133728 1.8390353918075562 1.7088149785995483 1.5309255123138428 1.3541332483291626 1.2295140027999878 1.1652158498764038 1.1359701156616211 1.1223435401916504
 1.8583112955093384 1.910893440246582 1.9730116128921509 2.0144004821777344 2.0436263084411621 2.0694789886474609 2.0595355033874512 1.96140456199646 1.7702573537826538 1.5616146326065063 1.4382805824279785 1.447609543800354 1.5564358234405518 1.6885966062545776 1.7747074365615845 1.7840745449066162 1.7331594228744507 1.6713310480117798 1.6555570363998413 1.718752384185791 1.8413345813751221 1.9603621959686279 2.0219912528991699 2.0145411491394043 1.9453582763671875 1.8170194625854492 1.6450670957565308 1.4693344831466675 1.3230768442153931 1.2093816995620728 1.1213953495025635 1.0685807466506958
 1.635280966758728 1.7339231967926025 1.8707427978515625 1.9894342422485352 2.0785694122314453 2.1443579196929932 2.1668820381164551 2.1061809062957764 1.9549102783203125 1.770115852355957 1.6351766586303711 1.5959398746490479 1.6410237550735474 1.7240134477615356 1.7908614873886108 1.8047281503677368 1.7672922611236572 1.7191721200942993 1.7157394886016846 1.7871769666671753 1.9065288305282593 2.0056378841400146 2.0364739894866943 2.0043191909790039 1.935411810874939 1.8418576717376709 1.732561469078064 1.6259382963180542 1.5310442447662354 1.4402004480361938 1.3541077375411987 1.297282338142395
 1.3630791902542114 1.4898520708084106 1.6801184415817261 1.8638489246368408 2.0092110633850098 2.114368200302124 2.1726226806640625 2.161264181137085 2.0685274600982666 1.9226993322372437 1.7815825939178467 1.6967227458953857 1.6899603605270386 1.745069146156311 1.8132752180099487 1.8451590538024902 1.8317552804946899 1.8112305402755737 1.834447979927063 1.9169242382049561 2.0147373676300049 2.0571339130401611 2.0153837203979492 1.9268465042114258 1.8452333211898804 1.7914736270904541 1.7616623640060425 1.7495766878128052 1.7431589365005493 1.7250959873199463 1.6930059194564819 1.6663202047348022
 1.1289817094802856 1.2570885419845581 1.4618644714355469 1.6766813993453979 1.8565560579299927 1.9887210130691528 2.0760900974273682 2.1137130260467529 2.085559606552124 1.9887973070144653 1.8567848205566406 1.7531565427780151 1.7346220016479492 1.8045432567596436 1.9040645360946655 1.9632097482681274 1.9636877775192261 1.9469877481460571 1.9677926301956177 2.0374643802642822 2.1032352447509766 2.0916407108306885 1.9845857620239258 1.8410239219665527 1.7373248338699341 1.7048588991165161 1.7302383184432983 1.7864995002746582 1.8480205535888672 1.8961718082427979 1.9252274036407471 1.9382033348083496
 0.96788710355758667 1.0827469825744629 1.2764703035354614 1.4951968193054199 1.690144419670105 1.838250994682312 1.9459428787231445 2.022486686706543 2.0502276420593262 2.0014398097991943 1.891770601272583 1.7998899221420288 1.8112795352935791 1.9348011016845703 2.0876469612121582 2.1712954044342041 2.1551840305328369 2.0876893997192383 2.0435006618499756 2.0568435192108154 2.0875518321990967 2.0582449436187744 1.9373977184295654 1.7758239507675171 1.6559230089187622 1.6209180355072021 1.6578702926635742 1.7278274297714233 1.7992794513702393 1.8618264198303223 1.9150068759918213 1.9491113424301147
 0.84961873292922974 0.95895779132843018 1.1465085744857788 1.366473913192749 1.5723621845245361 1.7351512908935547 1.8599104881286621 1.9639892578125 2.0303211212158203 2.0156476497650146 1.92533278465271 1.8526304960250854 1.905753493309021 2.0931293964385986 2.3035902976989746 2.4040713310241699 2.3438196182250977 2.1761336326599121 2.0091168880462646 1.9261404275894165 1.9216578006744385 1.9148656129837036 1.8387057781219482 1.7063635587692261 1.5870968103408813 1.5345696210861206 1.5470510721206665 1.5855624675750732 1.619464635848999 1.6498183012008667 1.6866306066513062 1.7171511650085449
 0.73303526639938354 0.85782539844512939 1.0633647441864014 1.2975176572799683 1.5179635286331177 1.6974687576293945 1.8386533260345459 1.9593772888183594 2.0418343544006348 2.0343456268310547 1.9369592666625977 1.8556983470916748 1.9214866161346436 2.1504712104797363 2.4118714332580566 2.5363736152648926 2.4414243698120117 2.1747105121612549 1.877411961555481 1.6917018890380859 1.6577358245849609 1.6939127445220947 1.6896413564682007 1.6079610586166382 1.4955260753631592 1.4150944948196411 1.3842024803161621 1.3758121728897095 1.3653123378753662 1.3597456216812134 1.3730740547180176 1.3924901485443115
 0.62843316793441772 0.78314328193664551 1.0220255851745605 1.2731130123138428 1.4985190629959106 1.6826852560043335 1.8288087844848633 1.9480050802230835 2.0171198844909668 1.9795600175857544 1.8325520753860474 1.6933362483978271 1.7209573984146118 1.9571821689605713 2.2696013450622559 2.4556674957275391 2.3887631893157959 2.0928661823272705 1.7256369590759277 1.4775830507278442 1.43271803855896 1.5128897428512573 1.5700291395187378 1.5225651264190674 1.3981591463088989 1.2713378667831421 1.1848835945129395 1.1325623989105225 1.0982787609100342 1.085734486579895 1.0995157957077026 1.1199265718460083
 0.59070122241973877 0.77065432071685791 1.0307663679122925 1.2742762565612793 1.4690819978713989 1.6215848922729492 1.7420821189880371 1.8308930397033691 1.8547869920730591 1.7534542083740234 1.5220367908477783 1.2865257263183594 1.2377440929412842 1.4587912559509277 1.834135890007019 2.1357700824737549 2.1864702701568604 1.9685242176055908 1.6306320428848267 1.3884532451629639 1.3611136674880981 1.4813343286514282 1.5778347253799438 1.5363270044326782 1.3720216751098633 1.1751192808151245 1.0190330743789673 0.92407011985778809 0.883045494556427 0.89002794027328491 0.9309120774269104 0.96928942203521729
 0.6446729302406311 0.83136826753616333 1.0827878713607788 1.2813370227813721 1.4021137952804565 1.4790672063827515 1.5355030298233032 1.5619690418243408 1.5158826112747192 1.337181568145752 1.0202964544296265 0.69321441650390625 0.56902015209197998 0.77083641290664673 1.210574746131897 1.6506421566009521 1.873957633972168 1.8165062665939331 1.5949441194534302 1.4215703010559082 1.4382375478744507 1.5991895198822021 1.7285745143890381 1.6886162757873535 1.4803216457366943 1.2069950103759766 0.97531670331954956 0.83593505620956421 0.7911146879196167 0.82463198900222778 0.90283215045928955 0.96768808364868164
 0.74231517314910889 0.91758084297180176 1.1382311582565308 1.2766728401184082 1.3128516674041748 1.3003491163253784 1.2722389698028564 1.2139383554458618 1.0848962068557739 0.83888500928878784 0.47550669312477112 0.11180824786424637 -0.04682304710149765 0.13636459410190582 0.60071486234664917 1.127851128578186 1.4972363710403442 1.6150006055831909 1.5507248640060425 1.481871485710144 1.5548262596130371 1.7550947666168213 1.9240486621856689 1.9095163345336914 1.6900259256362915 1.3699922561645508 1.083901047706604 0.91217267513275146 0.86711698770523071 0.92428028583526611 1.0345804691314697 1.1223583221435547
 0.81704938411712646 0.96738821268081665 1.1515541076660156 1.2504138946533203 1.2431762218475342 1.1795969009399414 1.0858381986618042 0.94609671831130981 0.74057561159133911 0.45739197731018066 0.11001379787921906 -0.21235911548137665 -0.35427209734916687 -0.20589517056941986 0.19607160985469818 0.69267219305038452 1.1123520135879517 1.3580383062362671 1.4415980577468872 1.4757208824157715 1.5912853479385376 1.8107575178146362 2.0137250423431396 2.0476267337799072 1.8653829097747803 1.5577989816665649 1.2708680629730225 1.103870153427124 1.0755873918533325 1.1545920372009277 1.2825723886489868 1.3795007467269897
 0.85732561349868774 0.96875655651092529 1.1128852367401123 1.2030912637710571 1.2156808376312256 1.1711288690567017 1.0676363706588745 0.887725830078125 0.64470326900482178 0.37301656603813171 0.10295375436544418 -0.11871075630187988 -0.21875125169754028 -0.14352647960186005 0.096704483032226563 0.43954190611839294 0.80360954999923706 1.1044509410858154 1.2868587970733643 1.3824392557144165 1.4972442388534546 1.6927412748336792 1.898560643196106 1.9771722555160522 1.8646568059921265 1.6305482387542725 1.4096094369888306 1.2967088222503662 1.3060758113861084 1.4002258777618408 1.5219275951385498 1.6066476106643677
 0.90147072076797485 0.9635809063911438 1.0599174499511719 1.1521481275558472 1.2185351848602295 1.2432246208190918 1.1891236305236816 1.0333904027938843 0.81632411479949951 0.60956448316574097 0.45357969403266907 0.3494020402431488 0.28493565320968628 0.25624978542327881 0.28485807776451111 0.41483667492866516 0.65987056493759155 0.94631272554397583 1.1538342237472534 1.2428214550018311 1.3014637231826782 1.4270373582839966 1.595955491065979 1.6946920156478882 1.6577273607254028 1.535239577293396 1.4310420751571655 1.4082008600234985 1.46087646484375 1.547993540763855 1.6290206909179687 1.6762592792510986
 0.99531805515289307 1.0139375925064087 1.0619556903839111 1.1410996913909912 1.2389580011367798 1.3227373361587524 1.3368439674377441 1.2509530782699585 1.1089349985122681 0.99271661043167114 0.94370466470718384 0.93217754364013672 0.88966292142868042 0.77622908353805542 0.63892507553100586 0.59389770030975342 0.7134137749671936 0.92768579721450806 1.0801956653594971 1.0979372262954712 1.065055251121521 1.1009706258773804 1.2125314474105835 1.3105155229568481 1.3396694660186768 1.337430477142334 1.3687279224395752 1.4472575187683105 1.5337646007537842 1.5853433609008789 1.5929785966873169 1.581987738609314
 1.1727336645126343 1.1690300703048706 1.1806138753890991 1.2213953733444214 1.291455864906311 1.3723349571228027 1.4209102392196655 1.4021962881088257 1.3366876840591431 1.2866346836090088 1.2903708219528198 1.3176586627960205 1.2913827896118164 1.164705753326416 0.9868009090423584 0.87656879425048828 0.90442311763763428 1.0047062635421753 1.0390660762786865 0.95352929830551147 0.8360060453414917 0.80201268196105957 0.86569386720657349 0.9575423002243042 1.0381261110305786 1.1400974988937378 1.2965304851531982 1.4721770286560059 1.5880379676818848 1.5960992574691772 1.5228053331375122 1.450120210647583
 1.4369029998779297 1.4308288097381592 1.4209399223327637 1.4082133769989014 1.4017552137374878 1.4158511161804199 1.4426310062408447 1.4498565196990967 1.4213125705718994 1.38126540184021 1.3650001287460327 1.3706868886947632 1.3564779758453369 1.2923600673675537 1.2021219730377197 1.1394574642181396 1.1199146509170532 1.0898230075836182 0.98292821645736694 0.80716484785079956 0.65147382020950317 0.59682083129882813 0.64085590839385986 0.72741293907165527 0.83612126111984253 1.0057822465896606 1.2559607028961182 1.517486572265625 1.6733275651931763 1.6625847816467285 1.5366209745407104 1.4215984344482422
 1.7499339580535889 1.7524365186691284 1.7350625991821289 1.6755388975143433 1.5835659503936768 1.5019505023956299 1.4612648487091064 1.4427545070648193 1.4032866954803467 1.3300418853759766 1.2527734041213989 1.205443263053894 1.1989873647689819 1.2298241853713989 1.2825795412063599 1.3172644376754761 1.2781263589859009 1.1338030099868774 0.91309922933578491 0.69670838117599487 0.56475114822387695 0.54322457313537598 0.59540218114852905 0.66991055011749268 0.76875603199005127 0.95258170366287231 1.2504355907440186 1.5785679817199707 1.7881761789321899 1.7974095344543457 1.6642880439758301 1.5373698472976685
 2.0666384696960449 2.0865383148193359 2.0779571533203125 1.9912815093994141 1.8279572725296021 1.6464132070541382 1.5085040330886841 1.4209907054901123 1.3407350778579712 1.2353079319000244 1.1218763589859009 1.0490051507949829 1.0616978406906128 1.1736654043197632 1.3358752727508545 1.4378225803375244 1.3808114528656006 1.1650527715682983 0.8958011269569397 0.70017474889755249 0.63841080665588379 0.68188828229904175 0.75374937057495117 0.79688471555709839 0.83696335554122925 0.97363275289535522 1.2667754888534546 1.6337010860443115 1.9000887870788574 1.957277774810791 1.8528995513916016 1.7381577491760254
 2.348691463470459 2.3950927257537842 2.4088358879089355 2.3071632385253906 2.0796933174133301 1.7963210344314575 1.5453096628189087 1.3662972450256348 1.2422802448272705 1.1450490951538086 1.0733873844146729 1.0540164709091187 1.1216251850128174 1.282498836517334 1.4707081317901611 1.5613820552825928 1.468552827835083 1.230955958366394 0.98568075895309448 0.85860073566436768 0.88056308031082153 0.98557376861572266 1.0654193162918091 1.0510599613189697 0.98961931467056274 1.0285474061965942 1.2699875831604004 1.6425806283950806 1.9550318717956543 2.0716462135314941 2.0172011852264404 1.929726243019104
 2.5224549770355225 2.6000924110412598 2.64231276512146 2.5304808616638184 2.2450592517852783 1.8709356784820557 1.5189462900161743 1.2577360868453979 1.1076341867446899 1.0646984577178955 1.1121196746826172 1.2261483669281006 1.3862299919128418 1.5633683204650879 1.6917251348495483 1.6891473531723022 1.5354217290878296 1.3110182285308838 1.1404621601104736 1.1034119129180908 1.1926186084747314 1.3248763084411621 1.3813643455505371 1.2886751890182495 1.1117651462554932 1.0355485677719116 1.1960990428924561 1.5389472246170044 1.8737853765487671 2.0498275756835938 2.0620954036712646 2.0171401500701904
 2.4890871047973633 2.6005330085754395 2.681276798248291 2.5818901062011719 2.2758047580718994 1.859714150428772 1.4564547538757324 1.1507347822189331 0.99671387672424316 1.0244967937469482 1.2119855880737305 1.4796125888824463 1.7318471670150757 1.8909571170806885 1.9027508497238159 1.7591425180435181 1.5294933319091797 1.3309212923049927 1.2486143112182617 1.2926026582717896 1.4130599498748779 1.5235919952392578 1.5197906494140625 1.3447530269622803 1.0781706571578979 0.91331028938293457 0.99142932891845703 1.2740319967269897 1.5965572595596313 1.8174264430999756 1.9045377969741821 1.9153183698654175
 2.2283787727355957 2.3779480457305908 2.5183870792388916 2.4796855449676514 2.2234740257263184 1.8418560028076172 1.4538265466690063 1.1488890647888184 1.0052518844604492 1.0822305679321289 1.3600456714630127 1.7210578918457031 2.0127856731414795 2.1212246417999268 2.0083620548248291 1.7335371971130371 1.4385445117950439 1.2599360942840576 1.2386025190353394 1.3224891424179077 1.4288331270217896 1.4772570133209229 1.3943109512329102 1.1572160720825195 0.85570758581161499 0.65885728597640991 0.67920875549316406 0.88557213544845581 1.1559683084487915 1.3831325769424438 1.5234576463699341 1.5836960077285767
 1.8482357263565063 2.0327413082122803 2.2447967529296875 2.3076913356781006 2.1627438068389893 1.8763391971588135 1.5520350933074951 1.2824127674102783 1.1594580411911011 1.2522890567779541 1.5397912263870239 1.8947086334228516 2.1535873413085938 2.1983850002288818 2.003347635269165 1.6570335626602173 1.3267552852630615 1.1453520059585571 1.1239134073257446 1.1839835643768311 1.2373460531234741 1.2166470289230347 1.0767595767974854 0.82556480169296265 0.55274707078933716 0.38346093893051147 0.38111460208892822 0.50945794582366943 0.68859809637069702 0.85990250110626221 0.99342077970504761 1.067746639251709
 1.493634819984436 1.691497802734375 1.9541972875595093 2.1167082786560059 2.0962769985198975 1.9198769330978394 1.6735758781433105 1.4588370323181152 1.3727682828903198 1.4693959951400757 1.7137248516082764 1.9921222925186157 2.1762371063232422 2.174790620803833 1.9629604816436768 1.6124551296234131 1.2689948081970215 1.0472321510314941 0.95515519380569458 0.93349742889404297 0.92039942741394043 0.86357033252716064 0.72694331407546997 0.52649068832397461 0.33812260627746582 0.23955152928829193 0.24309156835079193 0.29809543490409851 0.35500851273536682 0.40619927644729614 0.45956295728683472 0.499553382396698
 1.2462407350540161 1.4291709661483765 1.7012557983398437 1.9242857694625854 1.9961044788360596 1.9045857191085815 1.7229405641555786 1.5662850141525269 1.5313760042190552 1.6423467397689819 1.8409348726272583 2.0352544784545898 2.151456356048584 2.1357858180999756 1.9533361196517944 1.6329511404037476 1.2779314517974854 0.98582929372787476 0.78442448377609253 0.66169232130050659 0.5971982479095459 0.54900789260864258 0.47080907225608826 0.36569270491600037 0.28758209943771362 0.27454081177711487 0.29799249768257141 0.29073050618171692 0.22129097580909729 0.12619538605213165 0.060846924781799316 0.037864591926336288
 1.123260498046875 1.2844452857971191 1.5444399118423462 1.7885730266571045 1.9047368764877319 1.8564691543579102 1.7106173038482666 1.5928012132644653 1.5981214046478271 1.7271187305450439 1.9031950235366821 2.0494444370269775 2.1308584213256836 2.1190743446350098 1.9684747457504272 1.6734896898269653 1.3063501119613647 0.95646786689758301 0.67261385917663574 0.48145768046379089 0.39251336455345154 0.36767023801803589 0.34731894731521606 0.3196292519569397 0.32186165452003479 0.36893820762634277 0.40914168953895569 0.36432823538780212 0.21162445843219757 0.014326825737953186 -0.13881498575210571 -0.21072810888290405
