test_data/fields/iceField_example.asc
ncols        32
nrows        32
xllcorner    -72.800000000000
yllcorner    41.600000000000
cellsize     0.010000000000
NODATA_value  1.1754943508222875e-038
0.0216266432592 0.0217767537502 0.0220206581816 0.0222802569533 0.0225039243765 0.0226930235697 0.0228942966714 0.0231581697847 0.0234937748714 0.023850682723 0.0241420675585 0.0243010744822 0.0243292175298 0.0243031957921 0.0243303061213 0.02448304842 0.0247557007488 0.0250700174047 0.0253181880769 0.025413274315 0.0253156309061 0.0250306642148 0.0245946591926 0.0240616783318 0.0234987201853 0.0229792929167 0.0225685751394 0.0223047888218 0.0221857503681 0.0221728254629 0.0222088149882 0.0222416060511 
0.021820344866 0.0219661341682 0.0222052633075 0.0224634256859 0.0226884157899 0.0228760926823 0.0230666068038 0.0233079066905 0.0236131599048 0.0239410229822 0.0242140780797 0.0243702191333 0.0244082722215 0.0243956625803 0.0244273792835 0.0245654115294 0.0247991011843 0.0250524069968 0.0252262916131 0.0252468465753 0.0250885704628 0.024768096328 0.0243264763523 0.0238146561636 0.0232905894191 0.0228172787369 0.0224525721982 0.0222319899924 0.0221534442259 0.0221774984764 0.0222433027689 0.0222931038198 
0.0221436879811 0.0222803423392 0.0225084704511 0.0227611831711 0.0229859776894 0.0231694640787 0.0233401559143 0.0235411276909 0.0237918818652 0.0240663759868 0.0243035863639 0.0244503755904 0.0245021762643 0.0245117454212 0.0245537508369 0.0246721484961 0.0248469902065 0.0250046615949 0.0250598438 0.0249601386664 0.0247041099214 0.0243278903247 0.0238809305912 0.0234087259521 0.0229532951897 0.0225592770547 0.0222720753298 0.0221232728896 0.0221119056489 0.0221978643493 0.0223141468219 0.0223929822277 
0.0224863895149 0.0226091084724 0.0228190273381 0.0230596381376 0.0232794590016 0.0234547186135 0.0235996771363 0.023750368823 0.0239323786819 0.024136897866 0.0243226570238 0.0244488640501 0.0245096714178 0.0245433476028 0.0246024698191 0.0247099397936 0.0248333278148 0.0248991197926 0.0248351854417 0.0246121877913 0.0242558962655 0.0238253183315 0.0233801285869 0.0229596167639 0.022586876964 0.0222847412429 0.0220842406791 0.0220133349547 0.022073927433 0.0222266121527 0.0223980438372 0.0225089490376 
0.0227165427889 0.0228222741291 0.0230087332508 0.0232313107603 0.0234412049039 0.0236053276208 0.0237233845285 0.0238225856586 0.0239321524571 0.024058638312 0.0241806075471 0.0242720581066 0.0243301186745 0.0243832346303 0.024465387065 0.0245796006909 0.0246795380114 0.0246881518803 0.0245416990734 0.0242291155266 0.0237995986965 0.0233330770422 0.022899373933 0.0225329033784 0.0222395361367 0.022021620289 0.0218964746708 0.021888919616 0.0220048176241 0.0222076435306 0.0224206353449 0.0225559360676 
0.022709533967 0.0227989210037 0.0229622817587 0.0231663516774 0.0233659410163 0.0235206361298 0.0236167167352 0.0236712503131 0.0237136052892 0.0237617952289 0.0238123848431 0.0238556943168 0.0238965320408 0.0239597921451 0.024066753044 0.0242043588212 0.0243130623164 0.0243094688729 0.02413216397 0.0237801465339 0.0233175283116 0.0228390898438 0.0224232221587 0.0221026390264 0.0218716795757 0.0217171597939 0.0216444881143 0.0216744316692 0.0218158790287 0.0220372572509 0.022264122488 0.0224074281951 
0.0223812900172 0.0224594348168 0.022607534505 0.0228011564418 0.0229982825692 0.0231527820183 0.0232389010717 0.023262563265 0.0232498258859 0.0232260007843 0.023203241881 0.0231887996897 0.0231987006397 0.0232595467967 0.0233856211199 0.023552639147 0.0236906331512 0.0237093771294 0.0235451571385 0.0231986723278 0.0227388611592 0.0222673483935 0.0218685952876 0.0215775837682 0.0213848297558 0.0212683289608 0.0212235583894 0.0212647884013 0.0214009044265 0.0216063278513 0.0218155057427 0.0219476448752 
0.0217233121044 0.0217983275661 0.0219445949225 0.0221432047535 0.0223538766838 0.0225253728576 0.0226206058865 0.0226332022636 0.0225828157474 0.0224984817608 0.0224056461364 0.0223282487066 0.0222952728255 0.0223382179286 0.0224687416101 0.0226562455041 0.022824586438 0.0228785790771 0.0227500897725 0.0224352323594 0.0219990247239 0.0215423568891 0.0211529805915 0.0208714939401 0.0206918613049 0.0205899110516 0.0205533433674 0.02058743077 0.0206972495821 0.020862609285 0.0210312678042 0.0211380513905 
0.0208304082263 0.0209101121562 0.0210682857803 0.021289239991 0.021533260284 0.02174389201 0.0218723091447 0.0218979616402 0.0218309692071 0.021700908674 0.0215443256752 0.0214009982636 0.0213133109498 0.0213194093848 0.0214317043751 0.0216179312185 0.0218004295555 0.0218820079304 0.021789850554 0.0215118390433 0.0211032947336 0.0206588842802 0.0202670587153 0.0199756054053 0.0197868132844 0.0196797323647 0.0196372452872 0.0196551739794 0.0197321719794 0.0198512618181 0.0199734880693 0.0200510852129 
0.0198899285435 0.0199785209986 0.0201569562013 0.020412872709 0.0207074390923 0.0209788520758 0.0211651884352 0.0212288592346 0.0211668079617 0.0210058562676 0.0207913712939 0.0205779323516 0.0204215190639 0.0203684911321 0.0204352020652 0.0205919792609 0.0207636850987 0.0208536807414 0.0207848227512 0.0205352083335 0.0201478149943 0.0197081322625 0.0193030279072 0.0189867768246 0.0187715898638 0.0186432654518 0.0185838610366 0.0185823975 0.0186310194359 0.0187131317833 0.0187987420545 0.0188532984586 
0.0191214011538 0.0192177792 0.0194161288034 0.0197101360263 0.0200640991602 0.0204113855016 0.0206753679842 0.0207980364607 0.0207590878188 0.0205789510153 0.020309304483 0.0200185761574 0.0197770212601 0.0196414597345 0.0196356735118 0.0197363337263 0.0198736409121 0.0199528256026 0.0198924657216 0.0196604723889 0.0192870437322 0.0188474610134 0.0184248903828 0.0180773550604 0.0178254813051 0.0176631835357 0.0175759123917 0.0175508639748 0.0175762474105 0.0176340263994 0.0176975400896 0.0177385860496 
0.0186842899171 0.0187831640088 0.0189935724092 0.0193192164562 0.0197308817645 0.020158488946 0.0205099001096 0.0207040835104 0.0206999958998 0.0205081389498 0.0201837659525 0.0198080646135 0.0194664688223 0.0192289053268 0.0191300816275 0.0191560993653 0.019244188543 0.0193017608169 0.0192428200933 0.0190251498345 0.0186666569818 0.0182321677865 0.0177989555412 0.0174247899955 0.0171350348601 0.016930894056 0.016804209182 0.0167456103661 0.0167436434497 0.0167795196914 0.0168268790869 0.0168590866088 
0.0186073178149 0.018702370227 0.0189142315464 0.0192596663374 0.0197188233478 0.0202201288042 0.0206568309295 0.0209245627914 0.0209600350471 0.0207612458961 0.0203841940418 0.0199210450933 0.0194725479666 0.0191237189315 0.0189229562953 0.0188680701602 0.0189043461436 0.0189413813894 0.0188883484181 0.0186931111985 0.0183618421926 0.01794878592 0.0175233009854 0.0171388293758 0.0168208716734 0.0165750650335 0.0164000405404 0.0162932041476 0.0162478951632 0.0162481926744 0.0162699823941 0.0162886761971 
0.0187792071031 0.0188669952681 0.019073326609 0.019428088696 0.0199214906658 0.0204823153225 0.0209921613038 0.0213263236106 0.0214008995193 0.0212006284192 0.0207795738874 0.0202378800732 0.0196898704456 0.0192357353074 0.0189387869076 0.0188099002305 0.0188032434914 0.0188309251052 0.0187974611943 0.0186411569115 0.0183569171766 0.0179885130694 0.0175962936023 0.0172265550691 0.0169007405651 0.0166246522985 0.0164010677022 0.0162343065532 0.0161255990987 0.0160671901411 0.0160433544571 0.0160369348492 
0.0190094063385 0.0190918866451 0.0192938954602 0.0196547389457 0.0201723651983 0.0207769282579 0.0213428701273 0.0217312277945 0.0218423620504 0.021649211496 0.0212017433971 0.0206038871381 0.0199794896591 0.0194414471254 0.0190671998279 0.0188810416585 0.0188468614482 0.018880213765 0.018881847578 0.0187813469936 0.0185632240561 0.0182617575305 0.0179288736381 0.0176029943633 0.0172986189828 0.0170169006061 0.0167596667304 0.0165350126682 0.0163526803994 0.0162177590791 0.0161301361123 0.0160873035522 
0.0191201446645 0.0192049672951 0.0194131823383 0.0197866893076 0.0203260363917 0.0209623425991 0.0215676815761 0.021996653562 0.0221411226152 0.0219658307198 0.0215155888468 0.0208935307617 0.0202272437303 0.0196374867208 0.0192129121248 0.0189903390354 0.0189440004654 0.0189943830578 0.0190403156026 0.0190045271298 0.0188631075862 0.0186431557369 0.0183905448204 0.0181371457913 0.0178892531852 0.017638945935 0.0173808248673 0.0171211856633 0.0168759897894 0.0166651361098 0.0165091398319 0.0164258010243 
0.0190184503982 0.0191169746762 0.0193484632311 0.0197490770407 0.0203151049954 0.0209767196453 0.0216075161606 0.0220635459452 0.0222364252743 0.0220880036129 0.0216585096643 0.0210464960292 0.0203770027221 0.0197721884627 0.0193269446669 0.0190880359672 0.0190399232654 0.0191098945216 0.0191979985541 0.0192236044829 0.0191578075624 0.019023853285 0.0188647867228 0.0187083388716 0.0185527369892 0.0183777944311 0.0181649597601 0.0179120946532 0.0176366187503 0.0173717220248 0.0171597773267 0.0170412891888 
0.0187241621871 0.0188483424782 0.0191215414886 0.0195658696933 0.0201660369744 0.020848274793 0.0214902420511 0.0219564165344 0.0221464892336 0.0220260056707 0.0216331744587 0.0210600227271 0.0204235375039 0.0198401193326 0.019404019746 0.0191671269607 0.0191225069119 0.0192060653909 0.0193235363819 0.0193962554485 0.0193950364443 0.0193427836397 0.0192825034095 0.0192401389811 0.019207019075 0.0191493620569 0.0190311724664 0.0188355633893 0.0185752319384 0.0182922800353 0.0180487751242 0.0179073307387 
0.0183459488515 0.0185054419632 0.0188348379326 0.0193347078112 0.0199713613078 0.0206638716656 0.0212957201289 0.0217459838959 0.0219305698001 0.0218261712286 0.0214733206226 0.0209576878363 0.0203841998337 0.0198564460267 0.0194597176868 0.0192439146659 0.0192071842314 0.0192953049189 0.0194249271154 0.0195258403495 0.0195736664948 0.0195936001399 0.0196299329421 0.0197083923308 0.0198154194275 0.0199046135368 0.0199208494838 0.0198278198721 0.0196273492963 0.0193646371944 0.0191171833402 0.0189671501992 
0.018027134564 0.0182274435352 0.0186199155405 0.0191772030831 0.0198415445482 0.0205223804149 0.0211109474544 0.0215068051157 0.0216499015651 0.0215356540623 0.0212121613932 0.0207605007498 0.0202712532103 0.0198291676214 0.0195020439259 0.0193293608423 0.0193091768512 0.0193971612214 0.0195254518996 0.0196383056108 0.0197203469725 0.019800269628 0.0199235467996 0.0201167045026 0.0203642709662 0.0206106260406 0.0207828371807 0.0208230197992 0.0207171738587 0.0205074922002 0.0202813579933 0.0201364132834 
0.0178854978504 0.0181270729944 0.0185803623427 0.0191854082879 0.0198566477028 0.0204929851649 0.0209960277083 0.0212912610195 0.0213492780601 0.0211903988746 0.0208747983282 0.0204811724849 0.0200851139068 0.0197487349309 0.0195158008881 0.0194079177477 0.0194175859528 0.0195088683407 0.0196316268384 0.0197480725993 0.0198538292417 0.0199808114662 0.0201748538707 0.0204643443537 0.0208358080126 0.0212297933826 0.0215596812846 0.0217467648183 0.0217582191803 0.0216274550623 0.0214449717972 0.0213179837551 
0.0179718085792 0.0182498834941 0.0187530047802 0.0193867486199 0.0200369534224 0.0205930857297 0.0209700481996 0.0211231219206 0.0210572227696 0.0208203872844 0.0204868114134 0.0201342131458 0.0198240339381 0.0195954088481 0.0194659354305 0.0194356356113 0.0194875845417 0.0195915094053 0.0197137962797 0.0198341340012 0.0199582767509 0.020120005505 0.0203648313641 0.0207244700887 0.0211917117737 0.0217095169036 0.0221835911815 0.0225178469562 0.0226598713582 0.022629196478 0.0225114729111 0.0224154907996 
0.0182614973901 0.0185664169342 0.0191012385491 0.019739311422 0.0203408072981 0.0207887410023 0.0210135694767 0.021001230467 0.020790220189 0.0204544401571 0.0200804251707 0.0197447119556 0.0194965442279 0.019355511633 0.0193164156564 0.0193593080504 0.0194570182506 0.019581850174 0.0197124272762 0.0198417207474 0.0199824234355 0.0201684700361 0.0204448792459 0.0208481039135 0.0213804726239 0.0219926596735 0.0225890705572 0.0230615871594 0.023339758835 0.0234255488651 0.0233916146571 0.0233391655534 
0.0186804684229 0.0189979578853 0.0195402878609 0.0201555652403 0.020685207682 0.021010327786 0.0210778984471 0.0209018799653 0.0205490834 0.0201129927517 0.0196873384464 0.0193453766987 0.0191263030076 0.0190360467435 0.019054266257 0.0191474041364 0.0192805894687 0.0194264795382 0.0195703781997 0.0197125333866 0.0198685655971 0.0200711733968 0.0203649628482 0.0207914025404 0.0213630415733 0.0220408229929 0.022732992436 0.0233257010632 0.0237344374346 0.0239425936313 0.0240036672868 0.0240031822134 
0.0191411570118 0.0194525180985 0.0199722378267 0.0205344459415 0.0209722140942 0.0211706024211 0.0210930390284 0.0207763588746 0.0203074832564 0.0197905663865 0.0193192506767 0.0189597122789 0.0187421033433 0.0186643568711 0.0186997003193 0.0188095159132 0.0189562419848 0.0191126265544 0.0192663029675 0.0194196275978 0.0195880532882 0.0198023652314 0.020106469785 0.0205450178665 0.0211378779046 0.0218550294304 0.0226113378867 0.0232935548537 0.0238094817577 0.0241268844891 0.0242783395463 0.024329268908 
0.0195698019803 0.0198522268962 0.0203129800506 0.0207864300541 0.0211102750017 0.0211806616442 0.0209774420529 0.020554551815 0.0200101928296 0.0194498812015 0.0189592765077 0.0185922675358 0.0183685261118 0.0182807430993 0.0183021592125 0.0183970662817 0.018531519173 0.0186807543982 0.0188334135621 0.0189913177098 0.0191682114145 0.0193926082001 0.0197064007452 0.0201533310146 0.020754547848 0.0214845353639 0.0222651671782 0.0229896359827 0.0235664741607 0.0239551090574 0.0241711273697 0.0242607160984 
0.0199173704625 0.0201453800483 0.0205060849492 0.0208493724287 0.0210317964406 0.0209689172223 0.0206580413145 0.0201654684643 0.0195929964503 0.0190393075334 0.0185745943401 0.0182342354942 0.0180231707158 0.0179276007842 0.0179234056536 0.0179836968958 0.0180848936278 0.0182096597586 0.0183495486356 0.0185055893282 0.0186890847468 0.018925335563 0.0192516576528 0.0197055217445 0.0203020746662 0.0210143575712 0.0217702038695 0.0224743557316 0.0230455285678 0.0234452954081 0.0236810525111 0.0237854990688 
0.0201597253248 0.0203088804014 0.0205295428027 0.0207011021688 0.0207124800592 0.0205072635328 0.0201024188928 0.0195735607491 0.0190202563787 0.0185278527763 0.0181445917713 0.0178809066819 0.0177210007062 0.0176404396533 0.0176172999384 0.0176374377052 0.0176942332468 0.0177841498813 0.0179053708667 0.0180587398459 0.0182518222128 0.018504468903 0.0188460518038 0.0193028597387 0.0198780388793 0.020538230179 0.0212160546693 0.0218319152461 0.0223234633079 0.0226654710728 0.0228679774205 0.0229585110084 
0.0202962173083 0.020349444277 0.020401996244 0.0203725436854 0.0201922058804 0.0198392943291 0.019352613444 0.0188153367498 0.0183209067667 0.017936910759 0.0176850708921 0.0175459266739 0.0174776635776 0.0174408611276 0.0174142607677 0.0173988699978 0.0174103447396 0.0174646109754 0.0175698244537 0.0177266364166 0.0179365078611 0.0182107105016 0.0185676545973 0.0190196586636 0.0195550634544 0.0201317981691 0.0206867372735 0.0211584387244 0.0215094116207 0.0217360158607 0.0218601499612 0.0219119538237 
0.0203485798374 0.0203032450213 0.0201839908966 0.0199513921571 0.0195815157431 0.0190891831884 0.0185351778612 0.0180089158404 0.0175958819166 0.0173444315751 0.0172487456886 0.0172583985457 0.0173039375334 0.0173291474849 0.0173123957563 0.0172704466516 0.0172433183585 0.0172688060673 0.0173662071172 0.017535128711 0.0177686252311 0.0180670382936 0.0184365788601 0.0188757626082 0.0193589227343 0.0198357585891 0.0202472838263 0.0205501766633 0.0207330407278 0.0208169331286 0.0208403014106 0.0208406652144 
0.0203513912676 0.0202241897162 0.0199625413163 0.0195624395237 0.0190380732975 0.0184352060744 0.0178329526866 0.0173253964676 0.0169906294817 0.0168603727936 0.0169054838452 0.0170494095454 0.0171991603566 0.0172839739267 0.0172816761782 0.0172225916841 0.0171680197583 0.017174935265 0.0172721056165 0.0174573412406 0.0177150525252 0.0180350293383 0.0184128417478 0.0188361727299 0.0192689061391 0.0196548350975 0.0199386470269 0.0200918615883 0.0201248166564 0.0200799323852 0.0200110865889 0.0199638350155 
0.0203415135815 0.0201676308646 0.0198248584354 0.0193295503238 0.0187178812514 0.0180534902956 0.0174260226616 0.0169320951014 0.016645327842 0.0165876939945 0.0167165379141 0.0169402291513 0.0171521768103 0.0172731988293 0.0172808415511 0.0172134095033 0.0171447233565 0.0171430022295 0.0172424001795 0.0174392847696 0.0177124917503 0.0180452623988 0.0184269553026 0.0188393680032 0.0192409282804 0.0195724706708 0.0197809164588 0.0198461807241 0.0197909485852 0.019669979283 0.0195463489524 0.019470680975 
