test_data/fields/spectralField_example.asc
ncols        32
nrows        32
xllcorner    -110.800000000000
yllcorner    44.610000000000
cellsize     0.010000000000
NODATA_value  1.1754943508222875e-038
3.51879672478 3.52849795639 3.54281398609 3.55410207877 3.55613913715 3.5473022727 3.53096756059 3.51246138776 3.49426742433 3.47347423583 3.44350899201 3.39958827708 3.34389787516 3.2863900377 3.2408802896 3.21853403477 3.2234320024 3.25256237507 3.29920047378 3.35702201358 3.42186564027 3.49034443358 3.55717893819 3.61369953783 3.65011074929 3.66065835619 3.64822392612 3.62445227241 3.60378876769 3.59528501617 3.59790120152 3.60309655734 
3.53860993197 3.54408223433 3.55109727314 3.55394470283 3.54846425598 3.5345877104 3.51635986049 3.49896877934 3.48438186343 3.46920260759 3.44658351726 3.41153796716 3.36587565954 3.318908816 3.28361424103 3.27028973072 3.28223330523 3.3157956801 3.36381683329 3.41981438552 3.47979480982 3.54086267699 3.598493852 3.64494790256 3.67142414834 3.67303930586 3.65325677926 3.6239103227 3.59930359393 3.58817862627 3.58919989818 3.59364219737 
3.58996577039 3.58697791566 3.57953392599 3.5659945246 3.54646922153 3.52399459101 3.50380683893 3.49057861554 3.48496309732 3.4822893338 3.47485190926 3.45700893401 3.42974679518 3.40128212088 3.38333163996 3.38496522363 3.40834400858 3.44879756155 3.49837300829 3.55024451675 3.6006925432 3.64774734957 3.68832974596 3.71644917298 3.72511196789 3.71094710374 3.67837102151 3.63947736196 3.60826448382 3.59288267432 3.59140930032 3.59471188431 
3.69793209617 3.68216273899 3.65328030767 3.61635366 3.57830664516 3.54680639802 3.52843811562 3.52642150652 3.53869541048 3.55795119636 3.57453773934 3.58136017286 3.57811584562 3.57186908018 3.57338943058 3.59097301469 3.62593283643 3.67256537628 3.72191043546 3.76664529188 3.80341381795 3.8315472394 3.84994797676 3.85490249397 3.84159316554 3.80830499983 3.76038282126 3.71010095606 3.67107389048 3.65077822036 3.64655555732 3.64866714636 
3.9000157973 3.86707070756 3.8101787307 3.74451123161 3.68682841214 3.65084258411 3.64398649492 3.66615341659 3.7102542615 3.76424015733 3.81493241214 3.85279706006 3.87600538434 3.89105984492 3.90898086571 3.93856689136 3.98112736386 4.03021369435 4.07580670571 4.11007231475 4.13018537023 4.13709205024 4.13193078083 4.11328239954 4.07820294251 4.02611577836 3.9628367478 3.90070693503 3.85318635999 3.8274401144 3.82023852031 3.82113014275 
4.24373592886 4.1892608478 4.09853032925 4.00108924142 3.9270321594 3.89723765422 3.91850456278 3.98427726307 4.07906899407 4.18335311256 4.2786781295 4.35232522501 4.40129146323 4.43291097123 4.46043615096 4.49496770528 4.53886803559 4.58529125677 4.62320037621 4.64444452244 4.64707087774 4.63392562398 4.60829205643 4.5704198279 4.51811980762 4.45066844583 4.37344457843 4.29881190356 4.2408398899 4.20749447853 4.19575841227 4.19468854346 
4.77363739415 4.69383358224 4.56499233677 4.43580929732 4.35326591618 4.34587349426 4.41712130769 4.54965320113 4.71547537022 4.88481328426 5.03278917324 5.14366138428 5.21452221246 5.25561542777 5.2847217521 5.31698736831 5.35662861296 5.39653847724 5.42467970592 5.43294606282 5.42075366694 5.3931083246 5.35504123292 5.30726594355 5.24647033322 5.16974011438 5.0806083765 4.99142467762 4.91819562762 4.87175214769 4.85106640121 4.84567455855 
5.50587042948 5.39861107129 5.2304592881 5.07344065807 4.99403099247 5.02767529311 5.17078329318 5.39023961095 5.64165115809 5.8833042484 6.0843579281 6.22778893728 6.31305778562 6.35557470091 6.37944541198 6.404817335 6.43790012423 6.471116069 6.49136827269 6.49101056485 6.47135828407 6.43979017462 6.40253106269 6.3592350653 6.30308105221 6.2262698907 6.12846656281 6.0216780702 5.9254508061 5.85643359632 5.8186443958 5.80431838687 
6.39654756242 6.26300513796 6.0594833451 5.88316138432 5.8202413613 5.910786457 6.1398930139 6.45445462445 6.79148233785 7.09795275286 7.33991099838 7.50258972787 7.59072977114 7.62653929894 7.64085429508 7.65839906533 7.68671009351 7.71730326471 7.73598500477 7.73594058851 7.72078185786 7.7003715943 7.68159565472 7.66157888775 7.62752617051 7.56371562487 7.46331595933 7.33700094352 7.20915423085 7.10558430629 7.03955562463 7.00968091512 
7.32294798826 7.1691029052 6.94104524142 6.75879011168 6.72486636529 6.88001193604 7.19451967345 7.59353534751 7.9963914225 8.34232024234 8.59928123887 8.75940599648 8.83542494855 8.8566097183 8.85908373643 8.87028023479 8.89784949342 8.93208528019 8.95789348582 8.96956748351 8.97312251566 8.98081726849 8.99979874303 9.02360539094 9.03148661043 8.99702836304 8.90406251475 8.7601673726 8.59491545169 8.44605314048 8.34057740486 8.28809250963 
8.09974296007 7.93680382115 7.70209245047 7.53116240136 7.535563832 7.75184309546 8.1342096173 8.58823515338 9.0201863653 9.36741480002 9.6054658824 9.73746453756 9.78554037968 9.78465604495 9.77331023288 9.77900370269 9.80835339231 9.85061466228 9.89037319326 9.92317098491 9.95714026765 10.0065633575 10.0786280328 10.1629537188 10.2299938115 10.2410598717 10.1684609798 10.0145052669 9.81291594139 9.61437753315 9.46280846715 9.382932833 
8.53927053509 8.38203642588 8.1628245291 8.02140736383 8.06843249121 8.33184888664 8.75181815569 9.22078993517 9.63949669865 9.94969717324 10.1384532204 10.2214326343 10.2293965402 10.2003758227 10.1720071263 10.1696065604 10.1983460488 10.2472881812 10.3016022572 10.3580323227 10.426155179 10.5216261773 10.6516454033 10.8024883194 10.9366339963 11.0036071282 10.9636902293 10.8120839039 10.5842491685 10.3421032976 10.1466976494 10.0396958401 
8.53130547957 8.39451794093 8.21168869757 8.11421793172 8.20190633001 8.49166216348 8.91500462282 9.36079310195 9.73273193951 9.98149611759 10.1059152045 10.131986259 10.0959895408 10.0359694186 9.98639034594 9.96949747381 9.98964775611 10.0370219184 10.0983288863 10.1712663236 10.265974298 10.3987416178 10.5770143514 10.7852313224 10.9804907735 11.1033967844 11.1039231853 10.9693369727 10.7335166067 10.4651105971 10.2387093359 10.1111926998 
8.099747257 7.99359860368 7.86017166505 7.81216581327 7.93145808549 8.22434860768 8.62128880505 9.01777076877 9.32768954307 9.51202521287 9.57766780909 9.55537674375 9.48223778356 9.39362633036 9.32005427492 9.28132698828 9.28233549051 9.31564751863 9.37018211754 9.44422960083 9.54774077148 9.69715067028 9.90074801086 10.1433512014 10.3805236368 10.5485676513 10.5906948302 10.4866261722 10.2652098246 9.99553911421 9.75904519185 9.62274830238 
7.39856770867 7.32535880814 7.24176827247 7.23646891381 7.37107121864 7.64444738932 7.99375491688 8.32949650945 8.58014877106 8.71545911334 8.74429823543 8.69516834322 8.60096119686 8.49246276155 8.39662953017 8.33223733994 8.30601901179 8.31363868831 8.34642538459 8.40297904924 8.49277628931 8.63244827353 8.83208012199 9.0793159806 9.33227690301 9.52800721925 9.60718922507 9.54328476694 9.35733596461 9.11251493451 8.8892363917 8.75778077038 
6.64611668024 6.59968765733 6.55331464512 6.57207052514 6.69973897557 6.9326179674 7.22070118212 7.49444512814 7.69821366386 7.8074829157 7.82714582043 7.77733154745 7.6827154558 7.56826608058 7.45803935108 7.37090264279 7.31599513746 7.29199991511 7.29243751691 7.31617499831 7.37249958547 7.47880449275 7.64803851063 7.87273129771 8.11684970972 8.32231103549 8.43098723981 8.41176333954 8.27633907512 8.07713294003 7.88670712612 7.77195351293 
6.03486069382 6.00315333085 5.97267593284 5.98971319674 6.08580392519 6.25966730233 6.47758064837 6.69127180137 6.86005061451 6.96229918046 6.99513385734 6.96672181499 6.8911536467 6.78674256078 6.67476258817 6.57434323347 6.49668350639 6.44284577606 6.40816498558 6.39199383741 6.40403018811 6.46309279168 6.58569275423 6.77036092531 6.98874665276 7.1901548219 7.32023579434 7.34504928437 7.2668598432 7.12488617325 6.97941581035 6.88903832731 
5.66470961996 5.63432522105 5.59717345076 5.58735689649 5.63044756651 5.73130710046 5.87314068669 6.02749830575 6.16668192094 6.27050132475 6.32742824995 6.33299273814 6.29002567223 6.20954697391 6.10944493854 6.00839796477 5.91879267275 5.84335357854 5.7789643451 5.72577978891 5.6943358679 5.70504882069 5.77785392447 5.9171984171 6.10275319761 6.2921722393 6.43637754783 6.50030304617 6.47793525173 6.39518205006 6.29835763811 6.23516383463 
5.52855836828 5.48932682853 5.42917047671 5.37592877866 5.35404484262 5.37607138128 5.4404086976 5.53531500554 5.64399873849 5.74772889238 5.82794012581 5.86919231001 5.86379359724 5.81517578361 5.73698465245 5.64648583887 5.55647582487 5.47095338022 5.38828002196 5.30954250607 5.24592153823 5.21871419281 5.25014460735 5.34943356818 5.50350907036 5.67825259786 5.83055381216 5.92576868275 5.9515420403 5.92209091722 5.87037621659 5.83286845728 
5.54461954552 5.49236183928 5.40366338079 5.30393565793 5.21883801136 5.16781276096 5.16095715278 5.19923245942 5.27474187352 5.3711256404 5.46573427804 5.53522177493 5.56323786208 5.54609707234 5.49289005513 5.41902607808 5.33748521337 5.25355023899 5.16699213483 5.07946929284 5.00180353427 4.95460091449 4.96052680252 5.03185506821 5.16145922671 5.32271205789 5.47856447982 5.59597819175 5.65840160363 5.67097762586 5.65562020827 5.63908072147 
5.60881147867 5.54536711527 5.43335732756 5.29750969006 5.16480184022 5.05897218602 4.99719654926 4.98856147295 5.03177055244 5.11362490271 5.21045926338 5.29461245889 5.34389438526 5.34920675239 5.31603415516 5.2585385692 5.19031794933 5.11807731024 5.04255755153 4.96491864139 4.89391386775 4.84742979559 4.84657204637 4.90493375064 5.01992630445 5.17133807913 5.32772325623 5.45826982989 5.54416080566 5.58450198956 5.59354713613 5.59118995758 
5.63896161006 5.56986448205 5.44644714749 5.293383013 5.13799745468 5.00502337891 4.91368963256 4.87619410394 4.89478151247 4.95918228582 5.04693856917 5.12952529311 5.18247710257 5.19438357602 5.16960177864 5.12281194772 5.06914871822 5.01666450755 4.96600123318 4.91606594649 4.87147021097 4.84541057621 4.85576663505 4.91603855371 5.0268510646 5.17310114938 5.3280255642 5.46313682121 5.55895969936 5.61166988785 5.6317546503 5.63583116071 
5.59638075076 5.52747733688 5.4051887016 5.25488458892 5.10359686993 4.97425602347 4.88348652932 4.84141148906 4.84982395712 4.89971412165 4.97071802936 5.03629414948 5.07360488129 5.07304439204 5.04147086233 4.99663053359 4.95628490412 4.92940943127 4.91497084422 4.90756327023 4.90571325924 4.91642581684 4.95320989063 5.02835306879 5.14435549583 5.2897104295 5.44117425105 5.57247460668 5.66493382167 5.71480219902 5.7326591977 5.73545191829 
5.48429836349 5.41896233285 5.30583779677 5.17262339238 5.04665080292 4.94761936551 4.88597664938 4.8649673304 4.88142073895 4.9247457681 4.97626361 5.01336277842 5.01841323202 4.98781580423 4.93473668111 4.88257224578 4.85265388385 4.85428016551 4.88320155872 4.9280180297 4.97991245885 5.03892227663 5.11350196773 5.21365806379 5.34220156238 5.48949801974 5.63465043024 5.75362820301 5.83006933539 5.86309620314 5.86676137967 5.86139138839 
5.33300149097 5.27110592442 5.16852972128 5.05770369186 4.96809028173 4.91632480044 4.90472205751 4.92604460868 4.96808954415 5.0155163485 5.05005750075 5.05387564844 5.01698323199 4.94487117045 4.85979519542 4.79259898282 4.7687589675 4.79748113866 4.87048325043 4.96977312432 5.07908243736 5.19159875024 5.31045551441 5.44225325726 5.58825471854 5.7387718977 5.87412900485 5.97275114711 6.02213836678 6.02670486732 6.0065846718 5.98765158889 
5.18018694124 5.11906768317 5.02311712624 4.93175798763 4.87880871866 4.879190164 4.92697661241 5.00287593516 5.08318747634 5.14539167774 5.1700800966 5.14383664021 5.06490920835 4.94884618131 4.82781911795 4.74056617679 4.71683519445 4.76580460445 4.87549960871 5.02217234157 5.18333281952 5.34644201545 5.5096381685 5.67521952729 5.84103388365 5.99533357262 6.11844474648 6.19129694246 6.20640619323 6.17516240997 6.1253849077 6.08966305077 
5.05766315898 4.99406688168 4.89874520817 4.81915232755 4.79499343383 4.84128041563 4.94545895468 5.07709452436 5.20093235207 5.28638055893 5.31154538539 5.26594332319 5.15455141456 5.00148433661 4.84746081768 4.73814035361 4.70725497515 4.76451154891 4.89563066665 5.07317152808 5.27081324858 5.47245699054 5.67251139814 5.86886883936 6.05460586799 6.21402015614 6.32588212299 6.37295279897 6.35293266998 6.28474022431 6.20436566077 6.15135814287 
4.98236839534 4.91417140962 4.8145239921 4.73816768261 4.73085404228 4.80930385644 4.95718350211 5.13605723658 5.30143281019 5.41540096887 5.45263864716 5.40324424665 5.27571475326 5.09931685929 4.92034317966 4.78944706543 4.74380068176 4.7944520915 4.92669725017 5.11200462232 5.32319229606 5.54352520164 5.76597926865 5.98513141486 6.18895257876 6.35637392331 6.46279468512 6.49120253667 6.44331572737 6.34469201016 6.23869266542 6.17111144416 
4.95557231807 4.8824109962 4.77606944228 4.69639272794 4.69404401 4.78847496679 4.96277467332 5.17477107281 5.37446283367 5.51851712845 5.57772890837 5.54024598515 5.41428043826 5.23017831535 5.03634914956 4.88625604918 4.81984238256 4.85018083801 4.9637967447 5.13337125617 5.33361225335 5.55015516879 5.77738959596 6.00863856209 6.22752208842 6.40696938516 6.51733468947 6.53967362281 6.47752332903 6.36100267067 6.2389921321 6.16205972643 
4.96478755112 4.88763007683 4.7746922574 4.68833295776 4.68237728376 4.77928505725 4.96406939406 5.19463695167 5.41913123777 5.59097778177 5.67718124811 5.66212500595 5.55076006931 5.37128193542 5.17147537912 5.00583145069 4.91637227291 4.91844390368 5.00070477195 5.13839646413 5.3098438208 5.50515623373 5.72246336427 5.95597526011 6.18638201734 6.38093013814 6.50408132116 6.5331869393 6.47130837932 6.35065936168 6.22334936678 6.14291851415 
4.98939261459 4.90970749103 4.79182836578 4.69871219799 4.6857568525 4.77796655621 4.96322391428 5.20151607522 5.44140651518 5.63481639815 5.74567537265 5.75430745623 5.66143518006 5.4918565689 5.291511446 5.1149053162 5.00544817058 4.98043477468 5.030623016 5.13392034986 5.27243746399 5.44106963205 5.64234611159 5.87249163897 6.11068835631 6.31976405408 6.45887980409 6.50130862821 6.44836113855 6.33251464475 6.2071941065 6.12734361586 
5.0082434343 4.92740850412 4.8069583116 4.7097100384 4.69161407811 4.77912887777 4.96216446522 5.2025206386 5.44960958694 5.65486053075 5.78046589104 5.80414004329 5.72372499466 5.56159585655 5.36225272087 5.17997173131 5.05885763299 5.01732271076 5.04739492766 5.12863935132 5.24555391932 5.39610555079 5.58576570551 5.8123448229 6.05448484396 6.27259962412 6.4226911209 6.47536696027 6.43048091999 6.3201645793 6.19813775118 6.11979327974 
