test_data/fields/windField_example.asc
ncols        32
nrows        32
xllcorner    -72.800000000000
yllcorner    41.600000000000
cellsize     0.010000000000
NODATA_value  1.1754943508222875e-038
70.6611463787 70.4705651132 70.038435752 69.3795627748 68.64468717 68.0339988951 67.6319693858 67.3565476648 67.0955427879 66.8798061482 66.8896803549 67.2911288939 68.0243767381 68.7354018556 69.0215456731 68.8302673917 68.5253158713 68.4570936419 68.555924716 68.4552729834 67.9290049341 67.0949610035 66.2849149033 65.8370483507 65.91248958 66.3896520891 67.0133030541 67.6912065957 68.5137247687 69.4829069805 70.3774665237 70.9095775937 
70.3032170044 70.1553068676 69.8149737184 69.2962752931 68.7269588513 68.2589243369 67.9223278996 67.6089801579 67.2304083677 66.8749721572 66.7716155821 67.098067045 67.7843009647 68.4761301786 68.7828947695 68.6471036794 68.4040188364 68.3916825374 68.5720516766 68.6161235797 68.2830634251 67.6286290835 66.928716938 66.49412533 66.4753125267 66.7636063064 67.1514733331 67.6012285579 68.2281987564 69.0342366233 69.8023881449 70.2629618515 
69.9024658284 69.8040337686 69.5741964053 69.2330330644 68.8834790722 68.6113126511 68.3674523887 68.0043666801 67.4664454015 66.9243581943 66.6765687179 66.9139240767 67.5459749794 68.2181211244 68.5611487398 68.5066117773 68.3328512072 68.3492158626 68.578341032 68.7826227375 68.7302922511 68.3859457788 67.9140064971 67.5492399026 67.4069691353 67.3999647746 67.4030417418 67.4664746772 67.7451977389 68.2476823541 68.7763604035 69.1011901751 
69.7002367832 69.6500779573 69.5147491084 69.3132957433 69.1341018372 69.0167287892 68.850138939 68.454026599 67.7989212875 67.1232871329 66.7803862509 66.9619191091 67.5511589275 68.1992202032 68.5690954897 68.5789903141 68.4304200592 68.3874903088 68.54792039 68.8126182179 69.0056648178 69.008805413 68.8402116458 68.6137610823 68.3890741426 68.1061670771 67.7298946511 67.3909973809 67.2725777944 67.3962962486 67.6104103689 67.7535138502 
69.5711487803 69.6054064911 69.5997387961 69.5345483649 69.4803585143 69.4641447716 69.356471957 68.9662298099 68.2766340218 67.5556946366 67.1733891245 67.306439169 67.8228270269 68.4021226331 68.7545394902 68.7877767605 68.6237518351 68.4735901161 68.4981025084 68.7341095188 69.0794121577 69.3582229965 69.4564064334 69.3746018765 69.1301180799 68.6960500406 68.1030850032 67.5137775807 67.0983799676 66.8840530008 66.7865669131 66.7411451158 
69.1943710869 69.3696449785 69.5767054141 69.7146686524 69.8120874473 69.8982635718 69.8651182064 69.5380153406 68.9008576958 68.2053820172 67.7942687949 67.8253650472 68.1881195285 68.6286555029 68.9156915247 68.946915074 68.7771981859 68.5711033082 68.5185233747 68.7291746199 69.137782014 69.5345405985 69.7399707799 69.71513747 69.4845276053 69.0567316431 68.4835568244 67.8977816281 67.4102561222 67.0312723384 66.737984457 66.5619357613 
68.4509364296 68.7797438904 69.2358091537 69.6314474604 69.9285647293 70.1478597852 70.2229401591 70.0206033561 69.5163674047 68.9003863565 68.4505887832 68.3197997375 68.4700793223 68.7467116683 68.9695384504 69.0157604884 68.8909741174 68.7305736283 68.7191317031 68.9572564283 69.3550960461 69.6854597377 69.7882467864 69.6810638512 69.4513727186 69.139525544 68.7752050467 68.4197944926 68.1034809529 67.8006682879 67.5136925883 67.324274607 
67.5435974296 67.9661737264 68.6003948761 69.2128295833 69.6973700349 70.0478942138 70.2420756693 70.2042141339 69.8950916649 69.4089979196 68.9386084569 68.6557423845 68.6332010239 68.8168970582 69.0442506437 69.150530199 69.1058508401 69.0374349753 69.1148266092 69.3897475066 69.7157915154 69.8571133337 69.7179460387 69.4228218689 69.1507776414 68.9715786688 68.8722076855 68.831922281 68.8105299688 68.7503200974 68.6433528772 68.5544004911 
66.7632722023 67.1902951898 67.872881409 68.5889378611 69.1885201073 69.6290700786 69.9203003147 70.0457096969 69.9518650616 69.6293242256 69.1892829289 68.8438551017 68.782073339 69.0151440599 69.3468819805 69.5440325014 69.5456258093 69.4899592386 69.5593089493 69.7915478138 70.0107843211 69.9721357065 69.6152857403 69.1367463771 68.7910828381 68.6828630503 68.7674611136 68.9549984698 69.1600685322 69.3205728868 69.4174247061 69.4606779216 
66.2262902772 66.6091567566 67.2549010651 67.9839894248 68.6338146949 69.127503233 69.4864762138 69.7416219159 69.8340924201 69.6714662347 69.3059020019 68.9996332144 69.0375985524 69.4493370834 69.958823472 70.2376511314 70.183946733 69.9589643899 69.8116689562 69.8561449093 69.958506327 69.8608166236 69.4579924049 68.9194132014 68.5197433197 68.4030600816 68.5262341499 68.7594249595 68.9975981616 69.2060880589 69.3833562151 69.4970378079 
65.8320625351 66.1965259793 66.8216951441 67.5549128897 68.2412071958 68.7838378022 69.199701611 69.5466307008 69.7677367678 69.7188252325 69.4177758626 69.1754351567 69.3525116352 69.9770978254 70.6786343703 71.0135713108 70.8127324222 70.2537789709 69.6970561253 69.4204679008 69.4055261275 69.3828853244 69.1290193428 68.6878786361 68.2903225562 68.1152320081 68.156836846 68.285208114 68.3982153429 68.4993945118 68.622102083 68.7238370924 
65.4434508524 65.8594180472 66.5445493206 67.3250587016 68.059878612 68.6582291183 69.1288443948 69.5312575265 69.8061146919 69.7811519771 69.4565308061 69.1856611951 69.4049552159 70.168236988 71.039571382 71.4545784262 71.1380811612 70.2490346489 69.2580398777 68.6390061979 68.525785937 68.6463760052 68.6321379232 68.3598701452 67.9850868888 67.7169816719 67.6140082233 67.5860404839 67.5510411211 67.5324853625 67.576913608 67.6416339598 
65.0947771685 65.6104775893 66.4067518764 67.2437099001 67.9950636312 68.6089507808 69.0960294619 69.4933503577 69.7237329989 69.5985333434 69.1085069961 68.6444539721 68.7365248142 69.5239404099 70.5653378004 71.1855579697 70.9625437947 69.9762207543 68.7521230202 67.925276986 67.7757269356 68.042965911 68.233430485 68.0752172529 67.6605303277 67.2377929973 66.9496118985 66.7752078837 66.6609293094 66.6191150374 66.6650526564 66.733088655 
64.96900401 65.5688476845 66.4358879444 67.247587701 67.8969399452 68.4052828739 68.8069403208 69.102976801 69.1826232082 68.8448475105 68.073455903 67.2884190608 67.1258134625 67.8626375517 69.1137863255 70.1192334218 70.2882339005 69.5617474407 68.4354403399 67.6281776239 67.5370456891 67.9377811678 68.2594490863 68.1210901994 67.5734055723 66.9170644521 66.3967769024 66.0802337219 65.9434850717 65.9667598116 66.1030402712 66.230964789 
65.1489097292 65.7712275863 66.6092930456 67.2711233404 67.6737125696 67.9302241764 68.1183434687 68.2065634408 68.0529418808 67.4572719729 66.4009881742 65.3107147685 64.8967338934 65.5694548013 67.0352491359 68.5021406409 69.2465253428 69.0550209731 68.3164805038 67.7385675969 67.7941251199 68.3306318781 68.7619151273 68.6287208808 67.9344056808 67.023316519 66.2510555984 65.7864501902 65.6370489996 65.748773288 66.0094405299 66.2256270073 
65.4743839197 66.0586027287 66.7941038217 67.2555760137 67.3761723257 67.3344971945 67.2407966743 67.0464610614 66.6163205803 65.7962833965 64.5850222829 63.3726941561 62.8439231735 63.4545486468 65.0023829344 66.7595037597 67.9907880861 68.3833353166 68.169082793 67.9395715332 68.1827540464 68.8503159138 69.4134953616 69.3650545773 68.6334198001 67.5666410457 66.6130035131 66.0405755578 65.8903899808 66.0809342869 66.4486016062 66.7411944315 
65.7234980092 66.2246274575 66.8385136699 67.1680463982 67.1439206838 66.9319897481 66.6194608347 66.1536557241 65.4685853986 64.5246398873 63.3667126556 62.2921362823 61.8190929908 62.3136827757 63.6535720523 65.3089072513 66.7078400962 67.5267944425 67.8053268662 67.9190695457 68.3042844361 69.035858214 69.7124165604 69.8254223233 69.217942859 68.1926634026 67.236226966 66.6795672919 66.5852914511 66.8486402568 67.2752413739 67.5983359089 
65.8577520646 66.2291884876 66.7096175919 67.0103041962 67.0522696509 66.9037629025 66.558787893 65.9590860662 65.1490109171 64.2433885835 63.3431791771 62.6042974713 62.2708291457 62.5215783861 63.3223482837 64.4651396437 65.6786985209 66.6815029476 67.2895292777 67.6081306775 67.9908142261 68.642471021 69.3285353789 69.5905741995 69.2155227777 68.4351609007 67.6986979316 67.3223628568 67.3535859404 67.6674194253 68.0730917985 68.3554921694 
66.0049024381 66.2119364494 66.5330579955 66.840493741 67.0617840858 67.1440822069 66.9637454347 66.4446346467 65.721080388 65.0318816178 64.5119322845 64.16467345 63.9497854964 63.8541659158 63.949526955 64.3827889217 65.1995685788 66.1543757827 66.8461140838 67.1427381474 67.3382124202 67.7567910652 68.3198517772 68.6489732425 68.5257577501 68.1174651039 67.7701401668 67.6940027448 67.86958827 68.1599784478 68.4300688108 68.5875310419 
66.3177268636 66.3797921732 66.5398523859 66.8036658278 67.1298601071 67.4091245764 67.4561464879 67.16984357 66.6964501597 66.3090554568 66.1456821276 66.1072585373 65.9655430815 65.5874302983 65.1297502757 64.9796589115 65.3780459935 66.0922859316 66.6006520527 66.6597907837 66.5501840608 66.6699022058 67.0417715238 67.3683850125 67.4655648464 67.4581016163 67.562426473 67.8241916251 68.1125485424 68.2844777827 68.3099288365 68.2732923708 
66.9091122609 66.8967668019 66.9353794095 67.0713177766 67.3048530325 67.5744496884 67.7363676293 67.6739874616 67.4556255819 67.2887824485 67.3012361546 67.392195523 67.3046094257 66.8823525036 66.2893363354 65.921896046 66.0147436454 66.3490207088 66.4635537028 66.1784309999 65.7866869077 65.6733756377 65.8856462168 66.1918076391 66.4604204657 66.8003249521 67.3217682194 67.90725664 68.2934597721 68.3203308614 68.0760179667 67.833734095 
67.7896765997 67.769429183 67.7364665236 67.6940446063 67.672517295 67.719503638 67.8087700383 67.8328552533 67.7377085942 67.6042179369 67.5500003696 67.5689564235 67.5215932119 67.3078667664 67.007073149 66.7981915529 66.7330487952 66.6327435434 66.2764273416 65.6905494953 65.1715793814 64.9894027945 65.1361863098 65.42470973 65.7870708709 66.3526075884 67.1865356114 68.0582885102 68.5777586772 68.5419491056 68.1220697666 67.7386615196 
68.8331133248 68.8414552294 68.7835419802 68.585129613 68.2785531515 68.0065015871 67.8708828197 67.8091816229 67.6776222772 67.4334731449 67.1759112639 67.0181440561 66.9966246657 67.0994140083 67.275265024 67.3908813674 67.2604211359 66.779343435 66.0436640896 65.322361253 64.8825038368 64.8107486107 64.9846739345 65.2330351169 65.5625202045 66.175272433 67.1681185041 68.2618934509 68.9605873813 68.9913652243 68.5476269961 68.1245662474 
69.888795113 69.9551278695 69.9265237701 69.6376049219 69.0931907116 68.4880439441 68.0283467413 67.7366355096 67.4691168375 67.1176931088 66.7395878591 66.4966840297 66.5389927365 66.9122179844 67.4529174747 67.7927420216 67.6027046995 66.8835092178 65.9860036897 65.3339158631 65.128036102 65.272960936 65.5124979041 65.6562824414 65.7898779351 66.2454425396 67.2225847835 68.4456702985 69.3336291825 69.5242593681 69.1763316489 68.7938590283 
70.8289718597 70.9836425048 71.0294527405 70.690544318 69.932311452 68.9877369119 68.1510323248 67.5543240581 67.1409341003 66.8168302251 66.57795787 66.5133881069 66.7387505434 67.2749959753 67.9023605967 68.2046068195 67.8951762113 67.1031865358 66.2856024699 65.8620024657 65.9352102033 66.2852458656 66.5513977032 66.5035333679 66.2987309738 66.4284911767 67.2332917599 68.4752687904 69.516773085 69.9054871351 69.7240036342 69.43242067 
71.4081832061 71.6669750298 71.8077090073 71.4349359121 70.4835307476 69.2364523247 68.0631541705 67.192453551 66.6921141305 66.5489949435 66.7070655799 67.0871613477 67.6207665279 68.2112278185 68.6390837213 68.63049111 68.1180724157 67.3700607293 66.8015405826 66.6780395838 66.9753952118 67.4162542955 67.6045479632 67.2955838604 66.7058836526 66.4518285746 66.9869967071 68.1298242693 69.2459512323 69.8327587169 69.8736511899 69.7238002434 
71.2969568227 71.6684431029 71.9375894735 71.6063001418 70.586015865 69.1990473347 67.8548491303 66.8357826659 66.3223796024 66.4149894116 67.0399520294 67.9320419756 68.7728237234 69.3031903606 69.3425029696 68.8638084254 68.098311133 67.4364041132 67.1620477514 67.3086753488 67.7101996775 68.0786400152 68.0659689454 67.4825102161 66.5939020363 66.0443676948 66.3047643604 67.2467733271 68.321857444 69.0580881114 69.348459514 69.384394528 
70.4279288515 70.9264936396 71.3946234898 71.2656181687 70.4115797707 69.1395200542 67.8460883412 66.829630096 66.3508395186 66.6074354085 67.5334855331 68.7368596654 69.7092857699 70.070748636 69.6945403064 68.7784573061 67.7951482563 67.1997868033 67.1286749445 67.4082973099 67.762777118 67.9241900073 67.6477032884 66.857386807 65.8523585205 65.196190872 65.264029209 65.9519071524 66.8532277245 67.6104420973 68.078191983 68.278986725 
69.1607856084 69.7758045433 70.4826555685 70.6923041642 70.209146051 69.254463931 68.173450427 67.2747091145 66.8648602057 67.1742968468 68.1326372234 69.3156954173 70.178624808 70.3279503457 69.677825227 68.5234452169 67.4225175803 66.8178399434 66.7463781204 66.9466120238 67.1244868596 67.055489928 66.5891984941 65.7518827112 64.8424901869 64.2782031497 64.2703820259 64.6981931398 65.2953270647 65.8663417328 66.3114025075 66.559155487 
67.9787826494 68.6383261634 69.513990823 70.055693896 69.9875899232 69.3995897808 68.5785861496 67.8627900931 67.5758944187 67.8979865792 68.7124162899 69.6404075877 70.2541235939 70.249301859 69.5432015865 68.3748505285 67.2299827943 66.4907738345 66.1838506839 66.1116580188 66.0679980077 65.8785677717 65.4231444717 64.7549689265 64.1270753067 63.7985051057 63.8103052313 63.9936514131 64.1833617108 64.3539975492 64.5318765644 64.6651779801 
67.1541358737 67.7639031248 68.6708526937 69.4142858152 69.653681694 69.3486191802 68.7431353894 68.2209500513 68.104586628 68.4744891943 69.1364494816 69.7841815148 70.1715211562 70.1192859391 69.5111205012 68.4431705873 67.2597716029 66.2860975641 65.6147482397 65.2056411678 64.9906608894 64.830026341 64.5693636202 64.2189756835 63.958607043 63.9151360069 63.9933083008 63.9691017283 63.7376366102 63.4206512789 63.2028230783 63.1262153008 
66.7442015085 67.2814841875 68.1481331251 68.9619102413 69.3491230013 69.1882303794 68.7020575667 68.3093375564 68.3270714342 68.7570623695 69.3439833804 69.8314812301 70.1028617564 70.0635809575 69.5615823843 68.5782988336 67.3545005339 66.1882262437 65.2420461261 64.6048589412 64.3083778421 64.2255674612 64.1577298042 64.0654308308 64.072872207 64.2297940503 64.3638056449 64.2144274214 63.7054148527 63.0477560863 62.5372833895 62.2975729691 
